237.68
99.95
34.99
28.91
17.49
18.66
29.12
97.68
12.99
38.49
18.16
84.61
33.92
14.99
4.99
34.39
12.88
117.26
9.39
17.85
27.5
10.99
159.99
12.63
11.88
26.99
34.27
18.7
14.95
6.91
5.99
36.37
60.87
21.07
73.58
8.44
6.45
3.12
15.45
16.01
19.94
22.38
35.0
37.98
9.93
11.99
11.12
7.99
19.5
10.36
3.06
6.99
6.11
19.98
7.99
24.99
38.33
16.43
24.53
19.99
14.99
11.42
17.75
14.73
28.74
114.57
17.49
12.29
9.27
22.99
14.41
4.3
34.49
30.36
11.0
46.99
14.98
12.99
18.93
29.99
6.99
14.01
12.99
10.99
186.06
129.95
10.49
39.9
23.74
5.58
12.99
25.96
15.39
8.53
17.57
3.64
38.55
6.47
24.99
9.97
19.99
9.22
34.99
107.86
22.0
15.99
19.99
30.82
19.99
13.71
22.28
12.5
105.81
74.96
17.4
25.95
99.99
36.91
11.24
11.12
18.59
15.98
18.99
8.99
6.74
51.39
10.94
43.48
19.99
39.47
12.99
5.99
16.82
25.99
9.6
4.99
12.89
4.35
16.72
16.22
28.82
17.98
9.99
20.76
6.99
10.4
16.95
42.99
14.99
6.96
7.9
7.99
5.7
9.95
12.47
8.29
3.99
14.77
13.87
12.86
14.99
19.95
75.01
23.74
8.99
14.95
67.95
12.99
13.99
17.4
11.16
9.99
39.99
6.63
22.24
12.97
9.95
9.84
51.12
6.58
9.51
102.53
21.99
19.92
2.88
5.43
3.33
4.99
99.99
52.19
3.9
8.52
7.73
8.29
23.95
6.99
23.4
12.88
19.86
4.99
17.75
37.77
9.96
10.18
20.95
18.74
10.99
14.99
29.99
14.99
8.92
6.69
14.99
10.33
14.49
15.51
14.2
9.75
12.99
9.02
39.99
12.5
12.64
8.99
23.97
87.0
54.99
5.61
35.83
1179.99
8.0
14.99
47.99
14.4
5.54
16.99
10.99
182.0
21.24
193.68
25.39
10.18
6.33
249.95
89.98
10.4
9.99
28.97
37.97
13.99
17.0
7.77
58.49
32.84
9.25
199.99
14.99
25.89
17.62
188.47
13.46
15.86
9.99
9.99
33.99
9.99
5.0
35.0
18.81
8.91
11.49
8.99
4.72
143.99
11.99
44.5
56.95
1.89
52.44
8.02
16.0
86.49
30.0
26.99
19.99
1265.0
13.79
62.93
13.89
37.45
12.15
16.82
6.23
11.12
34.99
37.99
3.49
7.89
12.99
20.18
19.99
21.99
44.32
27.99
10.49
9.99
8.29
89.95
11.99
10.64
33.81
18.79
24.58
62.29
62.99
12.99
4.27
24.76
14.67
23.99
19.99
87.69
7.5
31.5
15.47
12.78
11.99
23.0
14.99
28.13
38.48
21.01
22.13
16.45
9.99
4.99
4.83
6.62
89.99
39.99
6.25
24.99
8.99
16.78
21.0
40.9
11.99
9.99
15.94
39.99
8.93
64.94
49.99
5.95
19.95
15.0
15.51
5.51
7.51
10.62
69.99
7.99
45.99
6.77
25.0
19.63
9.99
37.49
22.03
130.0
15.0
20.22
5.14
19.99
15.2
17.95
34.88
9.99
81.54
8.46
15.98
27.63
12.91
43.42
9.26
17.63
5.05
17.11
18.99
14.9
19.99
77.56
34.95
23.67
17.99
13.77
65.89
33.0
38.74
43.0
5.84
18.94
9.99
3.07
8.99
40.98
3.04
11.95
24.49
4.26
10.61
34.99
12.99
23.16
3.11
10.99
17.69
5.23
12.54
36.7
10.51
19.88
18.99
17.49
19.96
27.57
6.99
163.48
29.95
16.97
23.96
15.99
14.15
24.42
12.49
7.63
10.47
8.52
9.99
24.99
12.59
149.99
9.29
53.95
9.99
4.99
18.7
17.99
4.99
18.22
26.63
16.91
72.99
17.6
17.01
39.99
16.88
19.97
21.6
10.17
198.48
7.99
8.4
25.95
11.99
6.99
11.66
64.35
5.98
35.89
16.25
92.88
10.04
24.49
91.89
8.99
7.99
22.35
69.56
74.8
36.2
6.98
7.08
5.13
9.99
140.69
9.93
10.55
8.99
19.99
10.29
28.91
5.99
6.95
20.04
12.89
23.56
6.99
10.53
8.38
3.48
7.99
8.56
14.99
19.99
24.95
7.9
104.79
9.9
9.99
7.49
68.13
7.8
29.99
41.99
34.95
4.99
19.99
4.75
19.75
19.99
49.95
24.99
35.99
14.99
15.25
6.17
7.69
4.99
45.98
51.08
11.51
9.99
5.99
7.95
14.29
12.7
172.03
5.29
10.99
8.25
9.48
29.99
102.99
13.17
7.66
15.24
17.99
14.2
5.99
39.99
25.79
34.99
8.18
79.99
4.21
9.99
24.0
119.99
13.87
59.99
8.37
12.99
9.99
28.99
29.99
24.49
20.3
14.99
25.0
24.73
43.0
19.4
22.7
15.98
26.99
7.99
10.99
17.94
15.5
17.63
7.55
19.99
14.95
29.99
8.78
22.12
20.99
22.0
59.99
10.76
31.17
429.0
17.37
9.76
11.53
10.38
26.1
38.27
208.52
12.4
19.99
69.99
24.99
6.75
5.38
10.16
27.33
22.95
13.0
11.0
19.93
13.75
39.08
5.52
27.98
9.77
7.69
23.89
9.6
5.99
9.98
15.99
718.98
24.99
3.52
4.03
62.5
45.0
11.94
31.12
13.75
12.99
5.44
29.69
6.99
6.44
10.55
9.99
17.0
8.13
8.87
9.12
24.99
8.76
54.99
3.33
31.5
6.99
5.26
14.99
109.31
7.57
19.63
8.73
2.58
24.99
5.9
9.75
11.06
15.0
52.69
6.99
13.09
9.99
9.99
71.5
18.42
9.09
4.17
7.48
4.99
10.99
1.98
9.34
12.85
99.99
9.65
17.79
191.38
24.99
41.56
73.5
21.45
14.37
16.99
12.99
51.94
45.4
5.95
47.99
69.77
8.93
24.66
21.96
8.57
6.99
23.9
21.99
7.0
35.79
24.99
20.95
9.99
5.33
34.99
121.32
10.71
5.4
6.35
16.96
22.99
69.95
20.03
33.0
28.17
18.29
31.47
75.02
12.22
19.99
13.77
15.21
37.9
37.03
40.6
7.99
13.29
119.96
13.99
13.42
14.99
3.02
5.9
12.99
55.65
5.99
19.99
15.97
18.99
10.74
3.85
24.49
14.99
8.62
69.99
9.83
14.95
24.78
10.99
25.89
9.99
8.0
9.99
18.09
9.74
7.67
22.99
49.99
15.0
4.39
36.99
12.99
17.86
11.99
44.95
8.52
15.99
45.0
21.62
49.0
3.64
6.69
19.94
103.04
19.99
88.97
17.77
16.61
9.99
14.99
17.76
4.98
29.99
19.98
329.14
2.7
23.29
12.35
39.99
9.87
16.99
59.99
9.37
36.95
3.83
31.7
13.99
10.79
32.99
39.99
7.74
22.7
35.77
9.28
7.99
16.99
11.82
199.95
16.95
29.5
13.69
41.79
9.7
16.99
6.15
1899.0
24.98
29.98
165.52
18.54
76.99
59.39
29.25
25.29
12.99
17.99
2.7
89.96
6.92
65.98
9.99
22.38
35.95
115.0
18.25
10.0
33.99
11.72
18.99
41.53
255.86
35.44
12.51
19.91
19.99
26.58
4.56
30.59
9.99
67.69
16.36
49.7
63.35
39.99
20.85
15.11
25.95
9.99
15.99
5.37
22.89
18.99
21.51
9.28
31.32
19.95
11.54
9.96
31.19
19.96
42.99
19.95
17.99
9.98
9.96
12.93
15.78
15.0
7.9
49.95
45.36
153.28
16.86
11.07
29.99
5.19
9.99
16.99
23.39
16.7
33.85
21.98
23.85
23.07
5.49
9.9
16.99
18.45
9.16
15.75
7.99
19.66
8.99
63.0
21.99
18.99
34.95
11.24
35.05
811.27
349.99
31.2
554.28
84.83
21.92
14.7
15.18
17.88
54.88
31.78
16.94
28.99
3.99
12.49
19.95
14.99
7.13
23.99
27.99
29.81
7.43
9.52
54.88
19.99
64.97
7.99
14.99
11.99
35.74
9.99
21.01
5.52
40.36
17.2
22.97
14.88
3.98
7.1
19.99
12.99
7.99
156.99
44.04
6.88
19.99
14.74
199.9
34.91
7.22
19.09
34.93
7.99
10.87
155.85
32.99
69.99
1.41
9.97
12.39
12.49
19.99
15.8
34.96
7.99
13.88
30.88
9.68
8.99
12.01
14.99
53.72
24.99
24.84
8.69
10.88
149.99
62.99
10.59
8.99
9.68
8.59
17.99
33.01
19.67
14.67
59.88
75.31
9.41
109.99
89.99
16.14
3.5
13.5
14.9
22.9
5.95
12.68
11.29
19.46
64.95
106.99
29.99
11.74
5.29
13.77
4.6
8.55
7.98
6.94
25.0
9.0
29.69
749.99
19.25
12.69
16.49
15.98
13.76
9.95
35.95
8.99
13.33
10.15
9.93
9.57
5.28
99.95
33.99
19.96
21.99
32.19
5.43
2.88
4.61
79.23
8.11
81.59
113.37
33.4
6.12
11.95
14.9
11.99
38.88
9.99
19.99
19.95
10.89
228.48
10.57
8.95
8.0
7.99
47.71
24.5
11.04
26.99
9.56
29.54
10.67
19.99
14.95
3.99
44.63
7.52
10.74
34.99
7.99
20.03
19.99
9.89
6.99
4.99
8.42
13.99
6.99
124.99
17.89
29.99
9.61
15.99
24.62
36.95
8.52
13.94
4.99
7.03
233.54
14.88
13.69
40.8
14.99
12.59
99.99
9.95
32.87
24.99
11.69
12.5
9.72
8.91
64.79
95.16
9.59
182.37
13.62
4.18
20.07
17.98
5.49
29.95
43.45
12.64
11.99
5.73
6.95
10.99
17.99
15.37
9.99
13.99
107.03
13.83
21.0
39.86
104.88
14.99
7.99
12.97
5.5
8.94
99.99
12.0
26.48
23.23
5.99
19.5
12.9
62.8
12.99
9.6
14.79
11.64
15.05
40.56
23.7
38.99
7.03
23.99
14.99
54.99
9.95
19.03
29.46
22.45
15.99
19.01
24.06
31.14
64.99
29.84
6.88
39.99
8.0
10.99
24.99
19.01
15.99
18.9
11.71
5.88
9.98
7.79
13.99
10.97
19.99
28.64
10.39
13.96
6.29
12.54
12.99
3.99
12.34
19.81
36.87
14.95
10.99
8.99
39.98
12.0
33.1
12.0
24.64
8.78
13.49
17.93
5.47
14.58
19.89
18.95
34.99
42.85
2.18
99.99
10.99
148.98
17.71
9.99
6.99
14.88
13.98
27.93
12.49
133.99
15.9
7.33
22.59
6.65
20.22
15.99
6.49
10.99
23.95
7.99
45.2
4.99
3.24
18.99
8.39
19.29
32.25
5.22
7.01
5.58
98.18
189.4
6.78
11.99
10.5
11.35
6.29
57.99
43.84
13.62
16.99
14.0
6.99
1734.0
24.69
17.99
8.98
21.77
14.99
19.77
389.31
8.65
41.41
7.88
17.99
11.74
39.55
58.21
4.9
63.99
24.99
30.99
9.79
21.75
39.81
41.35
23.07
12.99
14.59
4.99
67.14
7.9
8.66
5.8
4.49
19.66
25.91
15.66
21.41
7.5
8.99
7.97
19.99
59.62
83.66
7.99
16.68
5.99
9.8
4.85
24.96
5.99
14.0
7.99
7.47
5.99
18.99
29.26
12.3
11.95
50.88
18.74
13.95
11.16
8.6
5.92
4.9
59.99
18.95
12.74
24.96
31.5
4.2
29.0
99.5
19.99
43.9
7.99
25.53
34.97
8.45
5.49
23.98
21.0
17.99
7.04
24.69
14.41
19.2
11.17
14.99
29.62
8.96
8.78
33.95
5.58
6.99
5.99
39.89
349.0
9.99
24.99
29.99
13.76
38.13
17.67
59.95
12.0
17.99
12.99
6.35
11.27
23.99
4.97
4.37
15.99
7.48
14.82
14.43
18.95
49.0
17.5
112.48
34.85
35.99
4.99
7.12
7.99
8.95
28.85
26.99
24.99
18.69
15.95
43.91
10.75
39.99
21.5
41.99
9.02
19.27
7.5
7.49
23.94
13.95
15.31
44.99
21.97
6.84
142.3
14.99
12.98
5.5
6.95
19.58
59.99
5.48
7.19
24.99
6.0
42.69
34.95
19.89
104.56
27.21
5.84
14.95
6.05
24.74
4.7
9.12
46.19
41.74
4.99
10.65
31.72
6.53
19.03
35.77
34.95
20.26
8.99
5.99
10.9
8.06
6.99
12.33
99.65
33.18
16.99
14.95
151.81
14.99
7.12
13.2
8.5
19.79
17.46
30.1
8.96
13.99
14.95
27.82
349.99
14.99
13.99
11.84
10.99
24.44
10.33
26.99
19.59
13.03
10.52
15.83
9.83
4.72
10.99
31.62
143.48
164.09
23.49
179.36
59.95
11.99
12.5
5.69
12.72
15.48
17.45
8.95
322.4
31.99
12.0
159.93
14.95
10.45
11.37
12.21
136.99
17.99
46.34
26.19
24.99
17.75
21.08
11.09
329.99
8.34
19.99
45.53
17.46
8.56
18.8
16.95
6.27
19.95
6.0
20.45
5.04
17.49
41.99
1.89
15.0
59.99
15.99
30.98
19.99
21.99
12.5
11.26
29.99
8.18
14.97
14.94
9.45
69.33
6.51
7.16
15.79
17.15
18.48
24.98
5.95
17.7
20.95
26.39
14.61
5.99
22.06
6.35
19.87
10.48
14.99
39.97
8.99
17.82
4.59
9.59
7.97
15.42
17.49
21.01
27.24
20.99
6.5
373.48
44.78
9.48
7.76
7.66
15.84
51.89
18.83
11.91
15.86
23.7
19.99
12.34
31.25
19.91
41.99
11.94
8.21
14.23
27.96
35.34
5.86
27.99
39.82
10.14
5.44
14.99
6.01
33.74
12.0
13.02
9.97
2.99
19.99
9.3
82.95
9.9
98.79
5.99
19.95
14.44
7.5
8.96
28.91
52.39
10.7
7.58
27.27
18.8
14.95
5.12
8.25
15.89
267.92
34.97
10.59
45.03
14.99
9.99
12.14
30.03
14.99
17.49
9.2
90.42
5.44
40.02
18.5
7.3
195.95
39.99
15.99
8.47
6.97
17.88
9.5
10.0
6.79
14.89
22.99
20.97
19.29
6.49
7.69
115.89
14.99
25.99
7.44
17.97
29.83
16.55
99.99
10.99
9.45
20.99
349.99
10.5
6.99
39.99
24.13
18.99
17.9
19.99
99.99
11.72
14.99
39.28
38.99
14.95
60.99
17.79
224.4
5.07
11.99
19.0
14.0
11.99
14.99
57.01
26.99
9.1
25.0
19.99
79.97
7.99
22.5
14.17
89.99
37.09
9.95
24.99
15.29
10.99
9.99
19.98
17.99
28.8
10.98
22.06
84.99
19.95
115.58
3.14
21.99
14.89
13.49
49.97
191.43
16.0
10.97
4.54
3.14
14.99
13.37
5.84
7.99
7.99
6.99
12.29
4.5
9.99
2.99
144.99
9.0
10.99
20.51
39.99
35.15
7.99
29.49
14.84
14.73
24.0
16.24
49.95
19.28
4.17
23.0
7.99
179.0
59.97
44.78
12.99
18.06
3.96
16.09
26.99
3.99
11.99
149.0
28.53
9.95
19.9
281.15
22.0
14.0
6.22
43.99
27.0
16.89
15.0
11.99
49.99
5.98
154.99
7.87
19.99
6.69
9.99
14.99
37.5
21.02
5.86
1099.99
5.99
19.19
492.99
6.29
8.88
8.99
59.99
34.99
16.67
133.45
46.99
35.59
12.49
29.89
35.0
56.99
48.0
17.47
38.49
4.79
19.9
7.64
14.99
8.99
41.92
7.74
15.99
5.09
98.88
15.75
60.0
18.37
6.01
15.99
29.86
18.99
28.99
9.99
140.72
399.99
24.65
66.95
9.29
87.99
21.49
21.96
14.4
2.23
15.99
14.64
13.75
49.99
7.23
20.99
8.24
6.62
11.29
7.76
4.28
19.55
19.99
7.99
6.3
23.99
29.95
9.86
4.56
24.88
362.63
16.19
10.45
6.05
15.0
26.95
8.23
13.45
122.39
57.5
10.75
60.0
9.99
16.99
24.88
40.11
19.99
19.8
10.99
24.99
8.58
10.35
165.99
8.57
49.99
28.95
7.7
6.99
69.95
9.7
8.95
27.99
28.5
8.99
3.7
9.49
3.77
10.39
199.95
12.99
16.82
7.92
9.65
29.99
13.03
3.69
3.91
134.66
18.99
9.27
4.06
12.61
10.3
5.81
51.19
6.06
29.99
151.83
12.99
12.99
5.91
19.9
14.99
9.47
9.44
17.46
25.0
5.79
7.2
14.23
22.99
7.94
87.99
24.27
12.99
64.13
15.75
10.99
13.19
14.49
9.97
30.61
20.74
10.65
29.99
37.99
19.0
16.57
8.47
2.13
19.95
10.84
9.88
5.37
62.99
19.18
133.06
18.4
11.99
20.0
24.49
19.99
29.05
7.99
27.99
19.81
5.77
45.15
28.3
5.59
9.79
35.0
8.9
6.19
8.11
8.52
21.96
23.99
24.59
14.81
3.37
39.99
24.4
15.99
6.99
3.18
15.4
37.18
4.46
19.88
44.6
15.0
9.99
9.09
7.99
6.38
39.76
19.75
9.47
7.02
7.99
6.47
96.91
5.78
3.5
18.94
24.99
9.78
12.99
13.68
13.44
14.99
40.18
14.41
4.66
31.83
2.53
45.99
11.99
39.97
22.95
6.99
4.49
39.99
8.99
19.99
29.99
7.45
10.99
13.99
11.7
9.99
51.0
15.99
15.43
21.76
19.88
199.0
4.99
180.37
19.99
6.61
34.95
6.99
7.52
11.69
12.84
21.64
9.79
8.32
2.99
15.99
199.0
7.99
26.71
6.99
16.79
17.5
29.95
38.62
19.9
11.54
14.99
21.19
24.95
184.99
34.7
24.99
14.39
14.21
17.99
14.99
71.94
39.99
13.99
6.99
12.19
179.7
26.99
34.99
19.75
25.97
10.99
9.99
6.99
8.99
78.69
2.99
3.99
12.99
31.0
8.83
10.99
22.95
47.01
8.59
16.99
47.99
29.89
52.3
7.92
6.66
4.99
47.99
179.99
23.75
26.63
7.94
13.99
16.3
18.99
8.72
6.03
9.99
21.0
19.99
24.6
18.84
24.0
6.79
5.96
55.99
19.49
6.99
8.68
26.0
8.02
16.99
10.59
21.0
6.48
5.59
5.9
18.99
40.95
28.34
19.99
29.95
7.8
72.88
8.99
6.65
5.18
211.17
7.94
142.74
27.43
19.99
19.32
16.2
58.99
15.99
22.48
6.75
8.78
16.54
29.83
8.32
5.99
3.49
24.45
15.95
9.99
39.66
64.76
11.0
7.91
69.99
27.54
9.95
10.44
13.99
13.49
9.51
83.81
20.89
5.99
17.45
9.96
7.02
20.29
14.21
49.0
19.03
13.65
5.99
24.97
93.42
19.99
15.99
8.54
8.99
13.9
7.52
6.79
10.07
10.66
11.02
3.2
12.99
53.59
11.59
18.46
12.99
8.45
13.99
11.99
27.21
41.74
9.12
21.91
8.13
34.99
14.59
13.29
44.86
9.66
19.95
17.62
24.99
8.91
8.54
9.92
10.77
11.0
74.83
26.77
35.47
11.99
46.49
5.84
59.95
7.86
64.82
20.57
39.99
9.99
8.47
347.78
17.54
8.97
2599.0
168.98
32.99
7.98
5.82
12.56
8.99
7.39
34.34
319.99
28.34
144.99
18.74
49.99
4.99
32.6
3.78
11.08
3.48
19.86
103.65
9.97
11.31
62.99
15.16
41.85
9.99
26.14
399.99
8.25
14.99
13.79
6.87
146.87
5.88
9.3
16.79
29.98
5.12
22.43
36.99
171.46
9.74
24.99
12.99
14.41
20.18
14.98
3.77
11.99
8.99
6.99
12.79
6.31
14.99
39.99
12.75
5.64
4.99
16.39
7.89
26.95
7.99
14.95
19.55
9.99
13.64
27.12
55.76
6.52
24.89
19.95
26.39
12.0
46.14
5.99
62.69
5.85
36.36
136.43
19.99
54.06
10.91
4.49
8.25
16.85
87.99
27.65
74.89
35.0
5.99
31.7
69.99
9.26
13.0
4.99
7.88
12.61
9.48
6.64
19.74
238.9
11.8
4.86
5.54
107.85
8.53
11.99
10.27
39.23
12.1
9.99
20.02
4.49
45.63
15.65
139.95
31.25
13.19
16.69
32.95
20.97
20.47
25.32
15.0
4.84
10.86
14.88
25.19
14.99
11.99
13.91
22.13
7.0
12.98
15.99
14.03
11.0
5.99
16.99
7.99
23.18
22.0
8.48
64.35
5.5
9.36
7.85
49.8
3.99
71.93
15.0
8.97
12.03
10.08
13.36
10.98
7.99
14.88
490.0
6.99
31.11
14.95
64.99
54.88
5.93
34.99
10.99
7.99
16.99
22.99
125.99
10.5
18.35
24.7
7.19
6.99
32.99
29.99
17.97
3.99
71.99
31.0
9.25
18.44
8.78
12.99
11.9
4.56
9.99
99.99
26.93
29.99
15.26
9.99
10.37
10.66
73.78
9.49
59.03
34.99
6.48
11.09
12.42
34.99
8.89
2.65
4.39
5.99
109.85
9.01
19.99
22.45
19.99
63.49
19.99
12.3
4.27
10.8
67.37
12.76
17.99
64.97
3.99
7.99
22.31
48.76
31.37
25.14
45.74
16.8
19.13
6.53
14.95
11.96
97.73
30.24
20.0
8.95
4.24
22.16
10.15
17.53
89.18
9.09
389.99
10.67
19.5
12.99
14.99
5.32
7.75
7.99
4.99
9.09
19.98
9.99
12.0
4.99
9.23
15.94
22.34
11.99
9.99
14.99
16.85
14.78
10.1
29.99
11.99
22.95
14.49
16.5
18.94
18.44
99.99
19.99
16.99
15.99
17.0
13.93
11.86
17.86
20.64
19.98
19.99
4.3
66.81
10.27
489.28
13.13
8.1
29.95
7.09
51.47
55.5
13.37
23.67
15.49
29.99
29.95
29.95
8.97
6.99
24.37
54.35
92.18
7.21
11.84
74.82
49.99
7.3
19.99
9.99
25.5
9.99
19.99
28.33
29.99
10.99
73.99
7.99
4.99
7.37
24.95
6.89
7.04
5.35
39.99
63.49
3.99
799.99
5.2
47.09
60.0
179.99
21.44
3.97
13.0
14.95
7.95
27.99
6.85
19.54
4.23
43.94
89.95
5.99
6.01
8.99
31.98
11.02
46.8
13.99
9.53
16.73
40.56
14.71
12.63
5.98
25.98
14.99
4.99
13.19
37.98
8.49
29.99
180.3
15.86
23.53
10.99
18.0
73.43
25.63
19.99
58.1
28.92
185.0
10.75
5.04
9.4
25.0
15.0
5.67
7.84
18.14
29.31
14.59
14.99
13.83
13.39
8.99
9.51
33.55
5.35
33.95
15.01
16.99
27.2
22.29
9.99
24.95
12.49
23.94
11.67
3.52
19.99
24.99
7.67
14.99
17.19
19.99
33.74
4.09
59.88
10.97
4.97
21.53
195.2
13.7
54.99
9.84
22.49
16.34
32.53
29.72
18.93
16.52
18.97
9.74
19.99
25.77
149.99
39.99
7.99
23.47
8.1
34.23
13.69
19.99
9.09
99.95
37.86
7.63
6.99
23.89
94.43
12.99
9.99
27.99
4.6
25.79
13.35
14.99
10.03
12.49
64.98
5.82
15.99
5.41
18.86
12.43
17.28
14.99
10.01
249.99
19.99
26.99
19.99
14.14
28.22
11.0
17.35
9.99
17.69
16.19
19.99
18.13
11.29
19.99
10.85
13.79
19.95
26.25
24.99
21.03
7.35
12.52
34.88
15.97
12.94
24.99
434.95
32.99
15.08
7.95
8.65
3.99
48.99
6.99
19.45
11.85
5.99
26.99
24.97
7.99
15.95
10.28
17.99
20.57
22.49
32.99
5.95
21.18
9.26
19.99
9.99
6.27
7.86
24.95
8.37
14.27
12.95
10.89
5.75
29.99
5.63
49.99
16.32
11.93
9.99
10.99
7.59
6.99
17.23
39.02
13.99
97.0
20.99
6.95
48.26
12.99
18.91
8.95
24.99
9.13
261.64
87.33
17.49
7.98
9.77
21.99
29.25
41.74
79.65
47.67
12.45
14.39
6.89
6.79
11.58
7.93
37.99
24.99
49.85
21.92
8.99
5.99
253.48
10.79
249.99
153.11
15.76
15.12
105.0
3.0
27.99
45.86
22.82
7.99
24.49
149.99
14.93
9.99
30.84
15.94
11.96
29.97
17.49
4.99
15.0
11.63
3.99
11.71
14.99
9.31
39.99
12.48
9.07
2.99
59.99
23.0
10.19
10.99
19.99
39.99
22.99
4.48
59.89
5.99
13.99
12.57
9.99
138.46
11.95
13.94
27.49
5.38
4.1
22.48
16.99
8.23
113.74
11.99
3.39
47.98
4.5
72.78
11.67
228.92
75.57
101.66
14.05
17.5
53.99
26.35
34.23
24.15
5.99
19.19
23.75
89.82
8.08
10.31
87.29
111.3
9.38
8.88
7.95
14.99
36.63
9.99
18.59
4.99
7.49
4.49
24.22
13.86
29.98
119.99
36.12
8.43
18.99
14.62
6.26
19.95
8.18
14.39
36.99
17.39
147.88
8.87
24.75
55.72
29.99
8.4
27.31
45.95
5.33
14.9
9.44
119.0
10.85
53.44
39.99
11.99
11.12
7.75
19.98
21.92
9.69
19.62
19.23
14.28
17.97
6.99
19.78
4.99
19.99
9.95
92.95
17.99
9.99
11.3
12.99
12.77
14.99
39.99
39.71
1.81
22.49
19.29
19.26
93.68
9.99
30.95
19.82
11.99
9.95
7.48
12.99
9.99
9.5
18.75
59.99
8.65
18.48
7.57
7.16
32.69
54.99
17.69
43.05
16.99
14.95
45.48
6.54
33.99
22.86
9.99
119.95
7.97
10.68
37.4
38.71
37.62
4.88
19.19
14.99
8.76
665.57
71.06
8.44
11.51
38.99
33.03
10.99
17.99
93.59
6.08
14.99
6.87
3.0
34.99
27.99
13.99
114.59
11.98
9.99
20.75
12.83
7.72
179.0
7.99
14.31
10.6
25.74
3.79
13.99
14.99
23.0
8.09
28.01
30.37
21.3
17.41
6.07
5.0
4.75
4.49
21.0
24.99
46.87
15.5
9.99
7.0
14.99
13.95
45.05
7.71
14.74
1209.94
1079.37
15.61
64.99
10.71
10.9
22.57
59.99
16.9
11.99
39.99
13.2
12.35
19.95
3.89
22.99
14.94
5.99
169.49
37.99
12.99
36.74
50.0
7.25
9.98
64.99
14.93
14.77
30.0
19.21
15.99
19.99
45.92
49.99
10.99
7.73
75.27
47.8
10.95
6.47
27.84
8.99
16.98
4.22
32.25
4.99
3.99
30.0
6.95
22.07
8.42
24.95
14.69
19.99
6.19
20.49
5.99
12.99
34.9
23.39
12.9
7.86
12.78
30.26
11.99
12.99
15.99
24.83
3.98
70.0
5.99
9.99
19.99
36.89
14.42
10.06
18.58
45.3
10.99
8.39
16.99
14.99
31.99
19.19
19.4
14.0
26.95
9.21
15.97
9.99
8.48
22.17
14.7
9.82
10.25
29.47
6.37
11.89
3.55
19.7
11.9
7.99
18.5
14.13
14.89
24.99
5.12
19.99
12.3
11.69
32.95
28.99
7.78
99.99
87.87
9.52
40.64
4.99
6.16
7.42
36.33
22.26
17.76
3.94
17.9
429.99
33.45
7.99
21.99
7.17
15.6
24.99
827.05
17.87
7.89
7.48
31.69
4.39
665.63
29.99
18.25
4.27
230.39
10.0
96.66
7.56
109.99
37.16
47.99
28.11
29.74
11.55
21.95
30.97
59.99
11.55
13.99
19.99
7.51
22.99
20.9
12.5
9.68
17.96
6.66
29.16
6.99
7.99
5.56
24.46
4.87
7.87
10.91
9.86
32.99
8.49
46.25
24.99
19.99
103.99
26.32
5.99
2.9
15.2
8.78
6.85
27.22
44.99
7.8
14.99
53.87
8.0
33.64
27.07
20.7
6.99
6.65
5.36
155.99
34.99
18.99
12.69
158.23
589.99
9.99
105.08
85.98
6.36
7.05
7.99
19.94
14.89
8.14
4.95
6.83
39.99
22.42
129.99
26.61
11.05
10.0
12.6
7.99
14.39
13.96
16.99
4.99
10.0
21.0
3.77
34.99
19.99
39.99
5.99
6.52
17.26
359.99
10.46
19.24
3.99
6.95
17.11
19.0
14.93
24.99
20.59
4.35
7.76
21.0
11.65
36.43
16.94
104.1
7.71
7.99
5.58
16.96
10.99
3.51
11.99
4.95
14.88
72.99
57.0
12.99
22.3
22.93
48.95
29.99
6.11
10.99
25.95
17.19
78.19
57.7
68.99
24.5
62.98
37.99
49.98
13.49
49.95
3.85
5.99
6.0
23.31
47.26
82.4
58.66
25.99
19.99
15.54
82.68
18.99
5.52
8.99
9.99
19.99
9.99
140.59
12.99
15.5
26.92
44.99
15.99
11.99
59.99
58.53
11.55
14.99
24.99
40.15
2.99
26.72
9.99
98.2
6.52
21.66
51.03
9.99
29.99
13.2
5.0
6.19
29.99
70.35
10.99
21.5
11.54
7.52
65.7
6.95
24.65
22.76
38.12
29.99
21.99
34.4
24.49
9.07
10.0
5.88
44.55
7.69
4.79
79.0
17.18
17.49
6.99
425.55
31.3
10.5
6.53
3.77
105.0
24.99
4.1
31.6
25.63
28.38
84.0
25.99
15.95
24.5
145.32
12.99
24.99
35.74
7.83
8.88
34.99
24.99
17.57
14.1
16.5
28.08
15.36
14.43
10.43
14.62
15.0
4.99
6.99
32.0
32.72
4.99
8.99
7.88
11.4
39.95
8.48
11.52
5.25
18.66
7.99
45.63
15.1
55.0
96.99
59.99
26.86
13.79
76.18
14.99
11.01
29.61
56.94
44.4
19.99
11.99
14.98
6.93
51.0
14.0
16.99
22.58
45.76
19.99
42.8
67.37
10.89
89.99
24.99
25.0
19.99
47.95
19.99
3.21
18.99
79.99
16.99
19.98
11.65
11.34
68.5
74.0
21.66
10.5
14.73
215.0
26.47
13.99
24.99
4.99
52.37
4.52
125.82
74.95
13.0
13.16
152.62
5.99
11.22
44.99
25.33
34.99
24.99
11.49
17.4
104.97
33.47
55.63
34.99
42.82
8.0
18.92
21.99
125.0
9.26
8.88
23.56
42.55
799.95
49.99
14.99
12.99
7.73
32.26
9.59
34.99
7.69
32.41
7.0
83.26
12.99
13.3
11.88
96.0
7.9
5.34
6.9
169.99
23.21
13.99
24.99
7.99
16.99
6.27
4.83
8.78
17.99
12.3
20.99
10.37
27.5
6.38
94.64
24.99
10.92
10.95
227.51
9.84
24.99
149.99
15.99
22.82
7.0
49.99
44.94
8.51
189.99
13.69
24.99
36.99
44.74
121.55
11.79
12.99
143.48
12.96
9.95
9.99
9.99
74.99
17.59
14.6
9.99
16.84
28.81
16.99
18.0
33.92
10.66
9.99
40.99
97.93
80.99
14.99
6.99
16.05
12.98
29.99
12.99
14.99
51.99
26.26
24.99
13.0
8.3
52.76
44.06
4.39
64.99
49.99
11.58
9.99
64.66
12.97
18.22
69.41
6.3
23.95
7.93
8.99
8.51
24.99
24.5
36.84
5.95
44.96
19.99
12.49
12.59
5.99
44.92
5.37
20.99
5.41
18.65
16.0
11.02
13.49
5.99
19.99
39.9
10.14
11.99
11.78
17.99
31.08
14.81
28.76
157.48
6.0
18.99
9.38
19.99
38.8
59.99
5.37
15.99
23.96
29.98
10.99
109.99
11.0
4.94
4.07
14.99
26.98
11.19
9.99
9.79
84.99
5.49
17.99
19.99
8.99
59.99
14.65
29.99
5.89
18.49
22.61
17.65
101.99
344.97
5.99
4.08
9.99
25.26
5.7
10.53
21.61
19.39
79.0
36.42
12.99
19.96
19.99
25.0
22.14
21.0
54.95
14.98
3.16
11.99
347.97
22.99
7.99
16.66
89.0
25.0
25.69
18.71
19.9
89.92
14.04
47.85
13.7
11.99
15.99
11.1
13.97
10.19
28.25
2.29
10.5
7.83
22.4
6.99
29.99
57.33
28.53
20.07
46.41
24.99
21.98
14.52
5.19
43.81
9.99
8.33
36.74
27.99
13.22
21.73
12.95
18.13
5.99
31.99
6.99
30.95
29.99
9.99
16.99
18.75
5.99
13.99
219.95
9.99
9.99
9.89
23.48
16.21
6.88
12.88
4.72
24.99
10.46
20.59
281.16
9.99
24.95
9.99
21.12
35.0
25.16
10.99
15.99
5.99
9.99
38.99
8.95
179.99
176.81
8.95
30.9
19.24
9.99
67.99
24.99
16.76
5.99
14.99
19.99
16.94
18.85
17.8
7.95
72.67
9.99
30.99
6.99
10.99
16.94
14.88
7.66
4.42
21.35
34.44
9.52
31.02
9.99
10.25
41.99
22.34
3.45
29.99
84.0
42.83
10.99
25.21
1399.95
8.74
19.99
18.5
4.86
13.99
16.53
86.99
96.69
11.99
5.14
11.92
9.99
24.39
22.94
8.39
19.97
13.95
10.99
279.99
13.0
7.46
39.99
44.99
125.01
7.52
24.62
30.75
25.54
12.46
76.98
41.07
101.0
9.73
31.38
8.21
431.43
59.66
103.99
36.58
19.99
17.18
30.95
3.96
14.99
6.15
40.78
14.19
33.99
22.92
8.6
17.48
51.7
47.18
29.04
26.0
27.94
19.98
89.95
13.95
16.46
17.61
23.01
7.49
6.99
49.49
27.99
43.52
43.95
9.99
27.99
5.99
30.33
54.99
14.99
9.03
17.9
5.55
24.4
12.99
15.72
9.19
39.99
46.49
17.98
81.9
19.99
10.0
30.56
5.5
8.44
7.03
14.99
9.89
12.99
15.99
21.95
4.2
20.99
4.99
67.68
5.29
12.97
9.81
17.99
29.99
9.96
14.15
2.3
22.98
305.84
25.99
7.2
17.99
6.52
52.95
72.0
31.99
7.99
36.28
17.98
25.45
17.8
6.97
12.0
3.97
19.98
117.99
23.94
15.95
12.27
9.02
16.7
22.95
15.32
31.35
32.34
11.99
4.88
37.13
42.96
10.99
1009.62
16.99
14.72
23.99
13.5
19.07
20.19
19.99
4.19
8.99
5.82
56.34
29.99
15.32
8.4
8.29
12.0
64.99
10.99
8.99
12.39
19.99
30.99
85.99
28.05
221.77
29.99
304.07
8.99
10.73
83.27
369.39
7.46
7.95
40.99
8.11
29.99
10.95
3.75
6.98
19.99
7.72
8.72
83.99
129.99
10.67
21.59
6.99
12.88
59.99
11.99
7.97
14.96
9.71
86.24
81.39
14.99
11.83
11.99
83.03
81.58
32.0
5.0
41.97
24.07
9.99
6.99
6.89
13.5
25.47
8.1
130.92
56.09
9.99
9.99
10.73
149.56
29.98
21.98
41.21
16.32
28.77
20.99
30.33
10.99
10.94
11.48
8.58
32.99
21.08
19.93
12.96
32.0
20.08
349.99
19.98
49.22
13.52
14.47
69.3
173.2
7.03
14.12
186.89
12.99
48.99
22.99
19.75
4.99
67.75
5.99
31.0
9.15
9.29
16.21
10.89
5.79
9.94
32.12
16.24
46.97
26.44
17.98
13.84
5.78
4.99
12.38
71.05
15.09
12.97
16.99
118.28
23.39
50.89
40.01
29.95
6.18
4.74
16.02
7.15
12.99
39.95
19.9
9.36
10.03
6.47
17.92
14.43
14.94
19.9
21.27
9.91
159.99
11.99
10.85
29.49
9.2
17.49
10.36
10.0
100.72
13.39
13.55
701.74
99.98
66.84
19.99
470.0
33.83
9.99
19.99
15.23
24.99
126.45
5.71
12.99
39.52
23.5
33.99
29.89
38.35
13.74
62.09
19.99
9.89
7.0
11.27
26.99
6.46
12.99
49.47
22.8
29.99
47.99
34.99
15.99
14.99
17.68
14.54
5.99
5.99
31.25
13.53
14.62
5.99
6.38
10.44
3.99
190.82
23.09
15.95
34.99
8.93
7.97
23.09
23.99
5.67
7.99
19.99
15.19
15.63
31.07
12.0
35.56
5.95
24.7
53.11
429.0
18.65
10.58
18.82
9.94
5.95
9.85
7.97
8.94
4.39
10.34
21.14
23.99
35.43
19.5
39.99
6.67
6.54
12.67
17.0
13.16
110.19
12.33
4.97
68.59
9.99
11.98
10.99
3.96
11.49
45.98
15.5
37.12
14.99
19.99
10.99
4.82
14.99
19.99
8.78
24.98
8.42
96.33
7.75
21.21
5.62
33.23
629.0
20.98
8.15
16.44
8.6
20.0
5.89
11.99
17.99
7.39
15.97
31.18
5.99
4.33
18.78
6.99
9.99
4.44
8.49
29.99
15.29
20.27
20.45
11.08
21.13
19.99
129.99
31.99
9.99
14.73
13.68
191.46
19.58
14.99
28.95
22.39
8.34
9.95
5.5
10.99
20.0
9.99
46.99
24.99
19.99
17.99
9.45
399.99
8.49
9.99
34.99
82.99
23.85
7.14
14.95
55.13
29.97
12.99
4.15
18.03
108.98
26.71
8.91
14.69
9.84
9.62
6.9
45.34
6.77
182.0
5.99
49.99
232.78
8.99
24.99
40.53
15.11
3.83
31.71
24.72
34.99
123.86
14.42
2466.52
9.66
10.5
56.61
43.9
12.4
23.02
7.49
10.97
12.99
50.13
57.16
125.27
20.33
45.89
12.71
11.89
12.0
22.95
18.99
19.8
14.95
15.66
49.78
2.97
14.99
23.23
22.95
34.83
13.99
12.0
11.13
67.37
10.92
160.2
23.95
40.46
5.99
19.99
2.28
12.9
74.77
49.99
10.67
9.99
8.78
2.97
5.1
29.1
15.95
35.25
32.08
26.95
11.93
8.3
218.81
17.41
26.99
43.9
19.94
11.93
12.99
12.77
8.99
17.43
32.3
7.74
19.99
17.45
16.08
5.15
10.81
8.97
38.84
39.99
15.85
29.43
15.87
73.98
7.99
28.11
31.64
37.68
10.99
10.89
79.54
14.99
17.88
53.0
13.79
9.88
10.9
34.98
12.99
24.99
1.98
8.87
14.7
3.24
8.72
6.27
19.93
9.89
17.48
55.0
8.89
35.99
10.99
18.99
142.99
29.99
288.48
4.69
215.0
26.37
335.75
24.99
19.99
100.75
18.99
6.16
84.99
7.49
30.9
107.0
11.5
24.49
12.99
33.74
89.0
11.28
9.99
17.89
22.74
4.26
13.39
15.18
12.04
15.0
19.99
11.75
8.74
7.36
12.99
21.42
5.88
64.99
16.9
6.49
16.29
15.18
11.99
44.99
6.54
23.08
78.1
14.99
3.56
18.95
22.52
7.95
15.06
29.69
13.95
14.97
24.84
39.1
19.69
154.99
4.99
20.29
16.99
12.94
34.95
39.99
19.99
31.67
2.47
11.6
22.49
9.98
31.94
17.24
4.04
24.77
39.99
17.73
5.15
20.0
10.88
11.99
24.3
6.94
7.99
14.99
8.09
6.41
19.18
34.99
15.94
21.99
21.5
19.99
30.95
99.0
10.99
15.98
7.99
9.04
24.99
6.91
22.91
7.0
4.99
9.64
53.22
15.59
252.85
19.99
11.83
10.14
7.92
8.34
9.6
10.49
8.99
12.84
50.22
63.0
16.1
13.99
11.0
5.09
10.5
141.72
23.0
5.69
10.99
13.99
16.99
23.93
9.76
58.53
23.99
19.99
23.99
22.51
109.65
49.99
14.98
41.94
79.49
9.92
5.99
20.87
16.68
24.53
19.99
21.39
27.0
29.97
49.38
7.95
39.99
99.99
19.99
77.03
12.47
69.99
84.99
6.26
16.99
23.99
58.31
4.2
24.11
29.16
36.53
15.02
304.08
14.69
5.74
15.19
59.74
24.99
14.99
51.02
13.5
16.0
6.4
19.87
178.16
13.76
22.99
19.99
8.78
5.29
7.1
22.27
39.99
13.6
39.99
40.95
325.0
12.63
91.0
19.3
14.99
14.46
16.99
15.95
51.92
18.05
19.49
18.18
24.99
199.99
17.53
31.5
17.95
40.27
32.2
24.76
9.99
10.9
33.0
10.99
18.0
5.3
7.99
53.0
6.61
29.39
29.99
30.4
16.29
19.77
10.82
9.7
24.99
25.0
3.99
5.39
9.45
11.99
7.89
14.69
27.99
50.94
18.07
6.76
49.99
16.84
19.99
15.73
10.92
10.71
14.0
33.35
14.24
33.05
43.36
34.75
4.95
933.49
4.36
12.7
6.67
10.99
64.66
20.66
26.68
141.37
34.99
35.0
14.99
28.0
18.89
14.13
24.99
29.99
43.4
57.45
8.0
16.35
20.28
32.99
5.49
44.99
24.99
34.88
8.19
9.97
8.13
6.99
8.92
17.29
12.29
8.56
16.14
9.99
29.99
10.94
7.59
7.49
8.29
16.95
5.55
9.99
14.99
9.86
14.95
12.99
19.34
11.99
39.99
12.97
180.19
13.97
7.99
9.99
18.99
4.49
38.0
10.5
10.93
11.99
19.99
26.99
6.57
8.99
13.99
9.99
10.39
19.0
64.95
5.5
17.99
15.98
8.49
19.95
9.16
14.78
26.5
8.98
34.33
7.29
9.99
5.61
42.99
8.99
25.42
29.97
27.86
139.57
23.41
14.8
40.47
9.19
12.99
24.99
7.99
14.37
6.99
45.44
110.0
49.99
13.97
33.12
24.35
6.88
28.33
106.72
9.0
34.98
25.77
54.99
2.99
4.28
10.49
16.02
17.06
11.41
21.99
358.39
19.95
18.17
4.99
37.99
37.89
19.82
17.0
62.16
17.99
95.62
33.0
27.99
38.98
49.99
17.99
9.98
15.99
16.72
9.98
14.4
27.47
8.08
9.59
25.73
17.13
7.49
149.95
16.98
49.5
15.99
14.99
19.25
37.99
5.98
8.92
5.17
15.95
8.92
16.03
125.43
259.99
9.95
30.32
29.99
20.17
27.5
21.84
19.99
53.99
4.58
7.99
10.2
14.99
37.58
8.98
57.45
78.39
102.99
32.95
13.28
11.25
10.99
49.17
11.55
56.47
10.49
164.98
17.09
54.99
19.99
94.97
15.18
8.67
20.49
21.95
14.99
20.1
44.44
7.86
18.15
4.85
28.95
27.52
32.75
15.51
29.99
9.99
30.19
8.02
23.73
28.38
25.65
6.99
22.37
11.91
6.59
39.99
32.86
26.64
19.95
15.99
36.61
49.99
79.99
11.95
11.99
34.99
7.5
37.96
5.35
10.54
13.63
10.0
17.99
17.82
11.04
20.59
10.99
49.99
10.95
4.48
8.46
19.99
39.99
9.71
44.39
59.99
4.99
14.94
12.88
6.01
14.91
10.96
6.99
8.99
28.79
701.74
8.97
9.22
4.83
103.04
10.21
6.93
59.99
23.53
25.1
7.15
187.41
29.16
12.04
43.28
12.99
10.33
54.28
9.1
19.36
7.5
14.99
5.99
22.99
17.38
9.99
9.99
10.84
25.54
10.53
10.83
7.99
46.49
24.99
39.99
8.99
47.22
6.24
7.99
12.99
27.99
23.99
59.99
73.24
352.58
19.99
19.99
39.99
46.7
6.96
11.72
8.79
17.98
14.99
15.51
12.22
6.22
28.8
8.39
6.67
92.99
6.81
12.99
8.28
61.84
14.99
29.99
44.99
21.99
12.41
12.54
6.99
41.45
9.89
14.95
30.29
9.75
14.65
27.07
15.99
16.99
4.99
9.98
33.56
26.99
28.89
19.99
9.99
12.99
9.99
12.65
29.4
14.93
14.98
18.97
28.78
9.97
15.88
14.99
17.25
39.51
43.99
14.0
14.95
19.99
91.0
61.13
2.63
13.34
18.49
16.83
12.99
10.0
3.99
25.95
19.1
12.99
4.19
73.0
94.99
25.83
15.99
21.95
24.99
76.22
8.27
20.73
16.4
29.04
169.9
9.59
31.3
175.4
11.08
9.45
5.99
89.99
9.99
19.99
52.33
9.99
54.99
6.47
8.78
9.99
12.74
6.99
10.45
19.99
20.58
19.95
64.99
69.99
27.69
30.36
9.38
6.55
7.92
12.28
10.78
71.54
11.43
19.99
20.95
37.27
19.88
12.59
10.27
112.9
19.47
10.99
12.99
6.2
18.98
7.99
10.84
10.54
57.08
7.99
7.58
39.99
19.95
6.99
24.35
37.76
24.29
39.97
16.99
149.0
70.0
4.48
10.44
10.61
17.99
14.81
26.26
13.95
9.54
22.99
10.86
303.46
4.99
19.99
16.99
12.39
77.75
427.46
87.63
8.98
21.99
9.09
34.97
63.99
2.97
12.38
11.99
68.06
14.49
13.02
89.99
8.59
498.99
19.99
19.99
89.99
7.15
18.07
169.99
15.66
8.99
664.0
29.99
14.99
14.99
4.18
36.12
20.0
6.52
13.99
53.0
131.9
47.86
7.98
586.49
8.2
9.99
7.93
32.68
7.9
21.58
85.65
15.29
19.37
4.35
39.95
19.79
29.99
24.27
19.99
17.95
17.0
39.99
26.99
23.33
7.38
15.99
14.55
8.45
8.64
26.84
12.95
5.99
34.99
8.78
15.0
8.49
17.99
14.43
11.99
11.63
41.04
4.39
15.62
17.0
5.21
9.09
14.99
20.95
7.46
199.95
23.16
24.99
6.0
653.95
9.99
13.78
34.99
25.12
19.87
18.42
19.76
14.5
5.99
8.2
23.2
4.99
5.52
10.99
29.88
13.83
199.95
17.97
49.99
13.99
119.99
24.99
15.0
19.13
99.95
11.6
14.99
13.49
8.44
49.99
21.5
8.99
80.0
25.0
79.99
34.1
5.7
4.64
23.99
4.99
4.82
23.57
19.99
22.65
13.99
25.41
14.99
19.99
9.95
9.99
22.99
12.99
15.99
15.25
44.18
13.09
6.86
16.19
20.06
19.88
37.08
14.95
8.99
14.97
2.99
14.28
4.24
24.91
46.99
16.99
15.64
10.49
8.83
9.99
6.99
59.99
34.99
15.6
3.91
14.38
3.97
63.0
12.99
20.32
5.79
40.2
18.99
23.1
2.88
8.0
39.99
59.99
376.98
9.99
14.99
7.49
31.94
14.99
5.25
32.99
15.89
12.41
43.19
6.79
13.97
16.99
5.88
34.9
20.23
32.0
9.99
27.95
206.89
8.91
34.03
15.83
8.45
10.1
25.84
14.99
13.78
5.34
14.99
132.99
20.99
18.39
14.81
37.93
12.98
2.39
6.99
17.89
14.99
28.38
14.99
24.87
14.95
13.87
15.25
35.95
279.54
24.99
20.43
21.78
6.62
13.24
9.99
48.13
10.55
13.95
23.27
4.99
20.82
29.99
6.56
11.65
29.99
16.99
12.2
39.0
12.68
18.25
169.99
17.73
35.24
25.34
35.73
25.85
15.99
23.95
62.03
12.99
12.87
73.0
34.0
16.04
9.99
49.95
12.74
10.38
18.62
16.89
4.48
5.55
24.94
23.49
5.23
19.36
12.99
41.99
33.77
18.99
42.99
40.44
12.1
6.91
14.99
12.53
240.55
19.99
163.75
13.99
159.99
27.92
15.0
9.99
4.54
5.99
8.14
6.03
11.85
48.5
7.99
10.99
50.0
5332.0
12.99
24.99
6.99
14.99
5.98
3.99
21.14
42.99
11.95
14.99
17.26
19.99
8.08
5.94
34.98
6.39
26.99
16.99
129.62
5.87
39.99
49.89
5.31
4.82
53.0
55.99
12.56
38.08
9.27
97.42
19.41
200.94
4.99
46.55
64.99
48.0
9.83
10.83
18.78
33.19
4.99
19.47
28.99
8.52
16.5
552.71
5.81
19.99
10.0
12.03
13.3
7.95
25.95
19.95
10.99
827.74
24.99
7.95
220.0
6.44
10.56
6.02
13.99
15.35
21.6
11.59
8.99
10.31
7.12
19.64
6.99
26.99
149.46
31.76
24.1
57.04
79.99
15.99
35.33
19.99
129.99
10.46
10.95
7.24
13.19
6.63
11.76
8.54
25.99
12.86
14.26
11.95
34.58
51.0
54.99
17.99
14.88
12.64
27.83
8.96
14.65
23.94
23.3
469.99
46.89
39.99
22.99
26.53
9.45
29.09
15.99
6.71
35.46
26.99
86.11
14.99
27.95
19.99
18.99
9.94
12.67
97.92
19.98
10.84
6.99
39.99
12.99
14.79
17.5
6.99
19.99
12.99
19.76
89.99
59.99
18.75
20.24
9.96
24.95
4.99
5.94
19.99
10.43
14.74
166.58
7.99
17.87
128.0
20.53
7.82
18.63
9.31
19.99
28.0
17.06
10.55
9.99
6.97
16.99
54.95
23.89
13.78
6.15
6.56
19.99
16.23
10.99
73.8
6.75
28.99
28.98
17.7
149.49
23.98
27.99
44.55
36.95
3.84
45.99
6.02
14.53
19.84
15.99
53.4
9.95
13.66
14.99
39.99
30.79
8.2
90.0
15.94
34.45
11.63
6.44
105.0
20.56
42.06
2868.06
12.59
13.97
18.99
17.09
172.49
19.99
28.63
6.99
17.19
11.29
42.99
130.0
4.85
19.99
30.18
8.53
14.19
21.99
79.99
14.95
7.99
22.51
6.34
13.94
28.01
7.85
48.45
11.01
12.1
20.54
24.99
37.99
7.99
42.78
5.6
30.0
12.45
10.49
9.84
189.99
9.44
121.61
10.18
43.91
9.46
12.0
19.99
7.99
35.1
18.35
19.99
44.96
18.67
10.99
9.06
7.49
25.4
26.0
24.99
23.56
5.49
24.99
15.59
12.26
19.95
34.95
11.55
17.99
8.04
16.4
9.5
6.03
84.99
18.25
41.91
8.49
19.99
12.66
4.86
7.78
15.97
24.25
42.4
62.99
4.99
24.99
16.99
436.32
20.99
24.1
16.0
17.99
17.18
32.29
32.99
35.13
69.99
19.99
14.01
110.59
60.42
16.49
8.99
29.98
17.73
265.0
10.87
19.58
9.18
13.77
363.19
9.75
22.95
6.69
9.99
10.5
10.57
14.68
22.29
5.49
3.49
7.99
5.3
9.99
16.99
11.99
17.99
14.99
9.99
5.31
199.0
69.11
9.95
48.99
15.98
7.99
6.05
24.99
21.39
0.99
22.13
23.6
11.9
189.99
229.99
46.19
8.54
12.61
9.29
5.0
8.78
17.55
441.98
34.99
6.73
12.99
52.95
10.8
21.58
7.86
5.97
343.37
19.07
11.99
29.08
10.07
12.99
21.22
64.99
9.99
16.75
16.99
9.89
194.93
11.7
18.19
12.99
21.99
18.95
9.99
189.22
3.57
25.99
24.97
29.76
53.42
14.39
3.99
14.23
10.99
16.32
9.6
47.99
19.99
9.0
7.99
5.99
147.99
15.9
5.89
21.17
22.95
69.84
36.49
39.95
590.0
5.06
6.99
9.02
7.99
19.99
23.28
24.99
4.99
31.99
48.36
16.99
26.19
19.99
22.58
7.99
7.75
19.91
521.0
4.99
11.74
9.99
10.46
21.95
31.02
15.9
29.31
20.5
3.99
20.99
13.7
19.99
11.91
5.99
13.99
10.98
11.33
39.99
33.8
12.23
14.99
14.57
493.0
41.19
6.03
53.73
79.99
13.64
44.32
5.99
20.31
15.99
39.82
53.92
7.52
44.43
14.05
25.0
14.0
9.12
11.99
25.3
5.92
58.4
29.75
19.99
99.99
6.99
12.79
12.99
7.11
10.0
9.99
23.51
19.99
7.52
19.99
14.89
12.0
9.0
4.78
8.52
5.94
19.99
7.73
10.99
7.65
4.5
4.5
23.97
114.92
10.99
14.99
45.99
595.0
23.1
27.12
19.99
283.48
19.99
14.06
17.5
7.51
24.99
13.98
11.26
15.99
8.88
14.42
14.98
14.99
35.3
14.99
21.23
19.84
2.5
7.17
15.99
7.19
14.99
10.14
12.88
12.79
12.99
8.88
28.16
18.62
9.99
7.42
9.8
44.99
802.48
18.0
34.99
6.66
35.98
50.93
15.27
49.13
26.16
12.99
17.94
3.99
7.71
136.75
40.55
22.55
10.99
12.98
5.4
39.99
14.99
29.96
34.99
11.99
349.99
3.77
8.54
45.85
99.57
38.24
11.99
9.59
20.99
7.38
6.5
14.99
117.39
29.99
10.5
7.99
7.45
34.99
9.99
14.99
11.02
13.99
7.15
7.97
36.42
139.99
14.99
9.95
4.2
152.79
27.99
10.02
21.05
9.27
44.99
4.3
78.86
42.55
12.49
14.0
13.04
15.16
119.0
142.9
41.45
3.59
25.0
18.61
29.49
30.89
83.62
14.75
21.49
21.94
14.69
99.0
91.99
12.38
18.97
9.99
14.97
136.61
22.5
23.49
43.98
15.99
10.96
18.46
17.59
13.06
11.0
23.93
59.99
6.0
12.99
19.99
10.99
5.99
25.0
5.99
6.31
34.22
159.95
301.13
22.3
8.99
305.0
13.9
7.99
7.79
34.99
15.39
6.79
11.99
14.98
113.99
49.99
12.9
2.5
559.99
5.99
12.99
22.68
21.02
14.99
32.49
6.97
21.55
14.98
10.0
10.5
675.0
5.78
146.76
149.99
11.68
5.05
15.19
9.98
11.99
14.74
24.97
45.41
272.95
18.73
51.56
9.99
153.67
21.99
23.1
19.99
8.99
9.07
9.99
39.99
8.63
9.99
13.35
7.99
42.51
7.18
44.99
62.99
6.99
15.89
19.95
7.99
5.33
87.81
36.12
13.99
20.62
24.99
27.65
38.38
23.81
14.96
57.92
14.95
4.99
19.99
29.99
14.23
129.08
9.99
36.61
39.99
24.99
17.99
24.99
38.98
98.09
21.6
7.52
15.99
26.77
56.99
79.99
111.38
29.99
18.99
17.82
34.36
23.11
22.95
86.29
611.44
29.71
26.99
29.99
26.18
5.16
58.88
7.99
16.12
12.99
89.99
39.8
24.95
8.38
14.99
28.26
11.25
17.01
224.99
7.99
9.99
21.99
4.64
17.07
7.83
8.67
24.99
34.95
24.99
4.99
8.79
14.99
20.95
9.95
24.99
19.98
15.07
3.55
4.47
19.99
26.99
17.02
9.49
27.99
12.99
109.99
22.38
14.99
27.99
5.99
14.99
21.59
20.0
39.98
17.75
24.99
30.42
12.67
22.39
13.98
12.99
12.75
22.7
3.99
18.14
107.19
369.07
67.37
9.99
15.01
19.91
19.06
14.99
9.9
6.16
19.86
31.94
15.99
13.49
22.75
9.97
145.24
13.99
4.39
15.36
33.47
11.99
18.0
12.99
19.95
37.43
13.95
13.95
37.19
27.26
6.0
19.99
12.84
12.99
7.51
229.95
17.8
7.0
14.99
7.99
11.13
7.84
6.78
17.99
3.13
17.5
75.39
19.99
9.86
16.44
6.67
24.22
37.99
27.79
31.41
123.37
3.66
14.99
31.0
9.99
23.55
4.71
17.88
10.5
7.15
15.99
13.95
79.95
9.4
13.99
50.36
3.99
12.98
38.0
74.99
54.44
47.83
89.95
18.22
30.78
12.89
16.46
6.99
10.39
85.12
16.53
7.0
14.99
14.99
5.75
24.0
8.88
11.13
26.78
17.26
12.99
13.12
5.83
30.0
14.99
19.99
17.21
9.5
22.98
16.25
20.98
10.78
23.38
22.73
4.03
15.91
6.89
34.22
9.48
19.99
12.99
47.99
28.99
5.0
16.0
20.52
329.99
11.95
12.99
16.17
69.99
20.2
8.96
17.99
11.33
9.49
13.57
20.5
20.99
7.49
22.68
5.49
9.84
33.95
21.49
13.41
15.71
72.51
22.38
41.36
24.22
9.75
40.88
12.99
175.83
12.0
34.99
8.36
12.6
23.44
31.49
27.35
18.7
25.0
11.12
16.99
9.93
1.07
31.41
5.91
15.96
25.9
16.95
14.35
18.0
10.95
83.41
16.88
8.99
21.99
7.03
21.8
16.47
8.39
10.47
16.08
29.6
10.88
47.37
6.99
18.74
12.95
10.99
14.31
19.99
15.99
19.99
17.59
32.92
12.83
294.62
8.5
194.66
6.99
5.99
19.06
13.97
9.27
6.35
17.96
35.64
40.99
25.52
13.44
24.99
139.0
139.99
24.99
16.91
19.0
45.0
359.99
59.99
15.0
17.49
24.99
26.69
17.94
7.79
137.51
21.02
8.03
9.99
9.0
8.13
41.22
24.99
5.95
15.49
4.56
154.06
33.99
11.99
48.8
59.97
5.99
48.93
4.99
24.72
9.65
32.44
3.13
13.96
81.0
8.02
42.99
10.99
11.18
12.99
12.99
32.0
9.75
6.26
68.62
149.99
24.99
12.99
49.99
9.2
94.64
22.12
15.0
5.56
24.97
3.44
4.99
8.78
22.52
16.99
39.99
14.94
7.72
21.53
109.99
5.42
49.22
324.15
8.78
4.72
14.46
7.29
23.55
115.59
9.98
149.99
10.0
8.99
6.0
113.79
8.99
11.95
13.46
39.99
19.99
6.62
34.99
17.96
12.5
10.0
6.09
12.39
24.99
11.51
10.99
6.83
11.99
29.99
5.97
34.38
252.38
27.99
24.99
16.99
19.99
7.66
55.99
25.0
10.3
4.99
17.99
6.23
82.16
17.49
6.75
123.26
19.99
9.99
19.25
5.39
12.99
8.95
8.65
31.87
36.99
18.75
24.99
21.99
19.99
18.99
18.5
13.99
34.99
3.77
14.15
3.19
63.17
3.81
329.14
6.95
100.99
14.99
21.0
10.49
1.96
7.94
12.4
42.72
12.99
35.32
8.05
29.99
4.99
57.37
15.85
15.89
3.9
14.82
10.99
7.55
4.06
4.2
15.55
9.99
12.6
15.68
7.29
8.62
4.38
22.06
199.99
9.99
23.44
6.95
17.88
62.99
9.57
9.88
13.95
35.0
3.44
5.03
15.02
58.19
24.0
20.32
5.24
37.16
7.64
2.04
15.99
19.99
39.0
98.0
6.04
159.95
14.95
33.99
14.99
48.19
10.99
34.05
10.99
79.99
10.99
33.48
10.33
56.34
19.99
6.75
11.87
110.21
7.73
14.98
374.76
24.99
9.99
33.92
112.19
167.38
91.9
24.99
177.0
8.88
2299.99
9.99
31.99
19.99
39.99
11.57
19.95
11.25
33.64
84.58
9.99
29.99
13.15
12.0
9.91
86.0
25.44
8.2
24.54
12.36
11.99
42.31
99.99
9.41
14.97
10.99
49.99
94.96
18.91
15.97
5.0
49.99
26.99
8.99
11.97
16.99
13.97
16.99
58.99
14.97
41.06
16.78
22.72
13.34
25.0
59.59
19.18
15.99
18.64
9.99
24.99
49.89
48.99
37.84
7.99
19.95
26.99
10.0
28.76
23.78
19.99
10.81
106.24
18.39
14.96
6.06
18.03
8.07
39.97
5.61
189.99
16.06
4.83
11.96
9.49
41.99
19.99
16.82
24.99
129.99
44.99
12.55
154.92
19.79
11.68
42.85
553.48
8.77
8.99
11.99
19.46
15.49
429.0
4.76
15.99
7.27
24.99
37.35
10.34
15.95
21.13
15.46
13.0
17.94
69.99
161.99
33.06
5.4
11.99
4.99
11.59
33.99
16.36
19.18
18.99
14.99
16.9
23.62
9.99
18.14
9.99
150.65
6.95
14.99
24.95
50.0
12.9
4.62
20.14
20.0
13.09
20.0
53.19
11.37
19.99
43.48
26.94
34.27
9.99
24.95
16.55
24.99
24.99
59.99
25.49
16.8
121.0
5.46
24.99
19.99
31.99
6.98
5.97
2.75
13.94
15.53
4.84
7.24
89.99
52.89
9.71
19.95
19.72
6.69
6.94
16.99
10.9
45.56
41.99
6.34
34.99
36.1
14.99
75.16
10.28
25.5
29.99
19.56
14.24
9.99
10.99
89.99
24.9
15.98
13.98
11.99
33.54
9.74
25.06
13.99
19.21
16.0
15.0
38.99
19.99
15.3
16.04
73.39
20.48
31.99
872.0
16.31
13.99
54.59
11.43
4.78
14.12
11.23
8.49
40.0
19.21
20.7
20.75
3.92
54.99
234.0
22.85
14.99
101.58
23.99
20.22
14.99
52.27
9.45
6.53
8.64
17.49
25.41
7.52
24.17
11.96
24.45
12.0
80.3
5.65
14.99
27.8
26.99
15.21
14.95
36.14
4.22
9.93
19.99
24.97
156.1
24.99
21.97
7.23
24.99
12.99
6.11
10.99
14.99
8.5
6.57
9.99
59.58
125.5
1548.85
42.44
14.95
71.25
13.34
18.89
14.99
1.99
6.99
109.99
10.0
27.96
8.97
10.95
3.71
67.05
12.24
24.49
14.99
8.4
7.3
52.67
20.77
34.0
46.74
94.34
10.75
29.74
12.99
16.95
14.1
12.99
8.99
8.64
15.0
56.93
62.49
6.99
24.99
14.76
29.26
27.47
20.78
9.99
9.43
5.92
12.82
9.81
331.68
58.99
13.47
62.8
21.37
9.99
47.6
18.99
19.99
21.8
31.97
8.57
7.09
83.99
87.74
16.29
23.0
11.41
10.99
9.14
20.43
7.77
11.29
3.88
18.57
29.99
12.99
5.38
12.49
317.92
67.37
5.25
119.99
135.63
9.86
22.99
13.99
11.72
2.4
3.34
83.99
14.16
35.0
19.29
39.99
8.93
4.98
19.9
29.45
21.95
4.16
10.53
8.69
32.98
895.0
14.99
5.39
12.99
89.23
55.29
9.99
1356.65
27.55
89.99
16.99
9.99
126.0
4.41
16.74
11.99
15.44
21.87
21.19
19.95
6.43
17.99
11.99
14.99
17.7
36.03
25.42
12.01
14.99
10.98
10.32
9.99
6.99
23.99
70.92
7.84
149.99
48.78
14.99
46.04
19.99
27.24
7.18
105.0
25.38
10.18
12.95
399.99
15.33
12.99
54.03
353.0
9.48
18.76
4.99
39.99
1899.98
49.95
14.67
24.99
5.19
5.2
18.99
4.7
14.99
10.49
13.78
268.13
24.99
16.02
0.51
14.99
31.71
19.99
2.86
13.01
5.98
21.0
8.13
8.31
16.99
48.43
65.0
62.37
4.54
6.13
9.97
19.99
18.55
21.94
16.29
9.19
23.09
29.99
130.19
46.03
8.84
41.71
18.27
89.49
49.99
12.72
11.45
27.0
14.99
7.52
12.99
29.99
19.47
10.61
15.38
17.23
449.99
24.99
7.98
5.53
7.99
7.02
22.14
21.32
35.56
4.92
35.04
16.34
4.99
121.12
25.99
6.96
3.88
24.99
30.55
120.0
74.95
39.99
6.79
16.99
12.97
24.99
100.66
65.76
9.49
89.95
2.86
23.06
34.2
11.81
9.99
25.58
24.98
113.26
18.3
56.99
9.94
17.23
24.99
9.99
24.93
7.0
59.99
109.99
13.99
13.99
18.3
39.99
60.0
9.95
47.26
20.72
24.45
19.99
14.99
19.89
9.68
6.73
12.19
184.77
148.0
79.99
19.98
3.44
19.99
11.99
5.41
12.99
6.99
17.94
23.58
11.97
35.68
23.11
55.3
22.31
8.99
9.07
6.46
6.57
35.99
18.51
5.09
4.99
14.99
16.0
19.99
27.4
148.91
27.99
29.74
10.36
18.94
11.4
8.07
20.11
8.99
509.58
14.99
5.94
9.9
31.62
57.42
608.24
26.86
39.58
21.98
57.16
26.75
379.0
15.28
38.79
279.99
25.99
17.99
4.5
34.17
12.15
4.68
6.45
11.37
7.64
49.16
21.59
29.99
26.19
196.19
82.6
10.75
14.99
24.98
5.93
12.5
45.99
51.34
30.86
19.46
19.73
5.45
23.99
18.99
11.99
14.99
47.0
78.53
4.32
13.46
1799.0
9.33
2.99
39.99
14.99
12.99
19.9
10.58
49.95
36.99
14.99
20.16
56.44
111.99
39.96
438.61
14.99
9.95
12.49
8.34
4.74
119.0
259.99
19.99
15.0
14.02
101.04
8.22
25.0
14.66
26.11
9.99
12.89
26.22
8.04
4.53
12.34
6.99
55.14
19.0
14.0
23.11
26.9
24.99
24.99
20.43
17.8
8.36
19.25
9.99
105.44
10.99
17.86
27.78
24.99
5.48
99.95
3.99
15.99
13.4
59.99
22.99
24.99
14.99
51.47
21.36
5.28
770.01
30.99
67.46
199.99
24.99
24.95
14.99
32.99
21.43
11.65
9.49
46.62
14.99
8.0
8.93
20.07
11.6
19.99
4.99
5.49
15.5
27.85
486.89
60.0
8.53
9.99
6.72
14.25
15.99
6.43
27.66
6.48
6.91
31.99
17.24
31.92
152.99
11.34
19.97
14.2
52.99
14.99
15.21
25.5
25.29
8.99
6.98
26.89
10.99
233.36
37.98
25.99
61.2
37.99
29.26
16.92
17.93
5.55
11.99
15.51
11.95
12.99
7.99
19.97
6.95
125.98
144.07
6.71
6.41
14.18
17.99
31.24
3.74
11.99
14.99
12.99
12.99
7.96
11.99
4.99
19.97
1.28
3.95
11.49
39.99
9.99
15.05
236.95
11.92
19.99
12.25
15.22
11.25
28.67
24.95
6.21
15.95
18.52
7.52
24.99
11.99
25.58
9.99
8.99
325.73
89.99
11.57
18.84
11.74
16.07
26.79
10.48
12.49
51.53
20.32
6.04
9.13
9.5
16.95
319.99
6.19
45.25
8.99
10.45
20.34
10.13
405.0
5.12
6.92
103.44
12.64
18.0
7.99
23.1
10.34
7.28
29.98
7.74
8.61
7.49
159.99
29.67
10.37
101.2
19.99
18.99
36.0
199.0
35.47
11.9
34.02
47.47
13.99
2946.75
54.31
89.99
28.99
9.99
60.79
18.99
142.52
75.18
17.99
32.85
8.26
17.87
9.96
57.99
27.99
8.0
61.9
24.97
89.99
16.93
10.39
25.0
399.0
23.95
75.95
8.15
9.46
4.18
28.72
29.97
15.99
8.71
15.0
6.95
7.0
7.99
28.98
3.23
8.78
29.99
11.99
9.99
14.79
12.19
14.99
16.95
9.95
70.1
27.76
24.99
6.99
17.99
24.29
7.89
44.95
23.09
9.41
68.95
10.99
55.99
15.44
13.99
22.01
43.44
3.99
201.25
8.45
16.95
19.99
14.99
29.99
11.99
96.22
11.6
741.13
34.26
29.88
22.95
30.68
15.38
26.79
2221.11
3.39
33.86
23.39
21.11
25.99
9.27
6.96
8.8
23.99
19.99
37.63
30.0
44.95
11.74
10.0
44.98
19.42
17.99
19.71
14.99
67.3
15.81
7.88
14.97
24.99
19.99
10.59
5.76
12.03
19.96
31.99
12.5
349.41
19.99
9.32
10.75
11.99
9.99
5.0
9.99
4.99
16.71
10.46
3.25
27.13
11.82
10.35
37.12
16.99
14.99
4.99
79.99
5.99
72.79
13.77
25.0
21.99
14.99
24.99
11.99
23.73
17.46
12.81
38.27
8.99
52.96
12.44
32.09
14.99
28.94
46.79
104.44
8.75
399.99
11.42
9.99
5.96
7.46
16.5
19.99
27.77
14.99
9.95
36.48
25.87
125.0
5.39
11.99
19.99
22.43
39.96
106.94
8.12
29.98
10.99
14.99
12.69
14.99
329.14
29.16
24.99
9.1
14.99
20.4
48.0
10.06
9.99
22.64
9.99
25.17
33.49
10.0
4.99
19.8
15.0
9.99
62.98
49.93
160.0
19.79
139.65
61.36
10.39
17.47
3.3
11.67
6.97
179.99
11.41
13.99
34.99
4.8
15.99
25.99
10.29
9.99
16.99
179.99
9.99
18.88
15.99
5.43
31.98
5.95
6.99
20.29
17.99
14.99
6.9
7.45
59.99
19.14
9.84
7.82
7.52
24.86
38.16
11.81
19.99
4.77
7.45
52.85
15.74
20.3
9.99
41.19
32.0
11.68
37.9
198.53
7.99
137.49
11.99
17.45
5.41
31.97
13.35
6.0
8.99
16.8
14.0
8.99
81.99
58.99
11.01
7.12
29.32
9.99
34.99
49.6
17.18
5.17
99.95
17.98
64.96
43.0
14.99
14.99
23.99
5.99
49.99
18.82
47.0
105.99
33.91
39.18
21.58
12.99
11.49
8.37
9.99
501.34
43.53
39.92
12.99
6.99
81.83
16.47
122.34
6.99
20.44
18.99
16.82
6.16
9.92
29.49
25.5
23.52
1.8
7.99
10.67
9.97
31.36
11.57
28.9
7.05
4.97
7.43
13.07
11.88
15.66
65.8
64.94
14.59
16.99
6.09
15.09
8.78
6.49
15.62
16.99
4.51
6.87
30.4
24.99
17.05
15.61
33.29
19.99
3.53
31.9
39.97
10.58
24.89
26.4
188.95
11.07
5.25
9.49
9.03
9.99
19.99
13.0
1.99
3.29
14.99
17.55
103.46
23.99
355.0
12.99
16.83
9.98
24.98
32.73
8.01
69.99
97.89
17.84
11.08
8.98
19.99
45.19
13.47
38.93
82.89
19.59
19.99
16.26
32.39
44.12
11.02
9.72
19.99
72.51
10.99
122.22
9.28
14.45
32.99
26.54
50.88
19.99
23.91
7.33
14.99
39.83
25.99
5.31
10.99
24.99
12.0
78.82
15.49
5.86
9.99
24.95
11.43
239.31
8.06
17.66
12.22
80.26
14.99
23.99
8.03
32.73
47.99
124.65
319.94
33.95
337.07
6.99
6.46
5.18
10.83
114.71
7.99
13.99
41.63
33.99
18.79
29.99
259.56
72.51
15.03
11.68
174.99
29.99
5.99
27.73
9.93
232.95
12.89
29.77
37.99
16.99
6.18
40.39
13.76
42.0
23.88
29.99
27.99
9.97
11.63
17.03
18.95
13.94
6.88
23.0
15.15
19.99
8.59
90.17
26.99
63.66
5.97
14.99
37.83
105.43
11.82
7.38
54.69
16.98
16.56
440.26
9.79
11.38
9.99
16.88
12.99
54.99
24.99
31.99
22.71
29.99
19.99
31.41
6.99
29.56
10.0
20.9
43.1
9.99
39.85
5.56
33.21
12.95
14.98
23.91
5.9
463.97
4.25
24.49
12.99
144.85
6.07
41.78
14.99
18.07
126.0
16.89
19.99
13.99
5.49
7.99
23.02
79.99
546.26
15.99
19.99
154.83
5.0
17.39
5.95
6.29
23.48
34.89
5.99
24.41
17.82
29.86
12.6
10.01
5.97
69.73
552.22
11.07
12.99
23.99
14.99
31.76
22.86
24.14
1284.93
44.95
20.0
17.0
12.63
13.6
22.17
6.9
22.25
53.4
13.99
18.47
145.54
9.27
6.62
59.99
9.99
35.0
327.79
83.99
13.61
11.42
21.8
106.09
225.0
9.99
16.65
10.62
7.59
6.99
54.99
64.55
34.99
2.49
33.49
33.99
31.93
12.99
105.66
2.47
49.99
7.29
8.18
13.45
11.42
22.01
67.81
9.9
19.99
18.0
5.45
34.99
39.92
21.99
14.99
6.99
8.16
7.99
49.99
3.99
19.36
13.18
9.99
15.99
20.05
100.0
53.78
219.99
21.5
11.97
12.54
38.99
14.5
26.74
34.99
53.14
19.99
19.14
19.99
29.65
14.62
14.99
6.88
45.99
34.94
34.99
19.99
71.42
13.93
2.09
17.94
9.89
4.37
6.32
1153.24
29.99
13.82
12.41
9.99
72.5
17.81
42.48
9.89
12.92
98.1
12.99
8.51
12.15
30.93
29.59
42.47
20.26
13.99
12.99
11.59
259.0
6.05
19.99
59.99
100.99
164.99
78.14
11.96
4.85
19.33
30.0
19.99
2.9
19.28
11.84
25.99
17.88
18.93
0.08
24.75
7.8
4.99
19.98
28.34
8.17
29.8
10.99
11.99
6.45
9.69
9.99
18.4
6.74
29.99
10.0
47.99
20.99
17.51
58.99
14.25
7.99
6.85
96.69
14.84
13.2
8.99
19.99
19.0
18.99
11.95
23.73
41.99
24.88
24.99
5.61
8.41
105.34
3597.6
4.11
42.0
264.99
12.0
29.91
66.38
148.35
9.9
10.99
49.95
24.99
13.58
7.49
19.94
11.98
5.99
23.0
50.92
51.54
20.23
33.99
12.95
14.99
21.0
19.99
46.73
121.83
3.94
44.55
42.33
19.99
16.61
10.99
27.12
12.99
8.3
12.99
6.03
23.0
52.67
9.61
72.24
14.99
32.17
12.25
8.32
5.32
3.99
159.08
14.99
3.82
18.99
14.89
10.72
34.51
16.0
50.79
13.75
18.99
265.99
14.93
449.99
58.99
19.95
54.77
201.72
4.99
27.78
5.99
41.99
39.92
109.95
39.92
19.97
21.99
19.9
29.99
5.98
7.39
23.89
249.0
64.53
14.0
8.97
11.99
324.57
103.99
11.99
23.89
8.47
14.99
12.53
42.99
5.0
19.95
1.77
17.98
24.99
12.99
106.22
31.92
14.14
32.42
17.98
6.74
10.75
26.38
28.69
11.99
39.99
51.35
54.0
11.75
14.99
79.99
9.99
22.99
13.31
91.68
23.81
54.99
16.54
139.45
5.99
8.99
10.0
5.96
15.99
34.14
68.03
4.66
6.0
87.24
20.85
109.54
5.9
27.9
10.99
236.1
12.99
16.89
22.99
15.99
175.22
19.6
4.97
11.51
5.37
69.45
9.48
19.96
17.71
7.08
30.08
10.62
4.25
10.21
12.16
35.0
9.99
9.89
1.19
36.37
21.16
39.92
23.94
16.99
556.54
7.99
199.0
8.0
14.99
5.39
24.99
38.01
9.99
6.99
7.99
14.99
384.13
9.89
4.99
11.59
17.99
23.99
34.89
8.01
108.21
34.99
12.99
18.88
35.5
21.99
73.59
8.64
36.99
249.99
9.99
25.99
12.45
65.0
249.95
11.45
36.59
20.99
61.2
32.98
14.16
6.99
770.01
14.0
9.99
21.83
32.4
5.53
15.2
11.99
19.98
10.99
14.23
3.16
119.99
12.08
26.24
102.3
18.72
7.39
300.37
13.03
20.04
12.99
11.49
19.99
25.65
4.4
17.99
22.48
9.99
19.95
14.99
24.43
41.99
39.99
4.99
6.12
14.99
11.91
12.95
7.76
12.99
16.43
20.26
5.48
4.95
1701.31
10.39
329.14
62.39
87.6
15.26
8.5
4.59
10.89
8.15
14.22
11.98
4.78
18.37
8.18
22.07
7.64
3.47
14.99
14.99
10.6
56.74
16.49
21.57
10.99
50.43
9.95
29.18
41.99
4.99
30.59
14.99
20.09
14.99
9.15
11.89
16.99
11.42
6.76
5.48
32.13
199.99
8.54
6.99
40.25
49.04
25.19
16.71
14.21
18.96
8.99
47.38
55.99
17.69
12.0
7.72
19.99
18.72
11.99
17.25
40.0
12.95
50.0
25.15
54.28
5.98
29.99
7.3
14.99
11.19
19.0
19.99
549.99
53.67
79.99
31.53
20.68
20.34
34.99
78.57
92.91
4.47
5.75
15.91
54.42
2.61
7.49
375.01
4.99
14.56
16.27
49.99
13.67
17.49
3.33
10.59
19.97
9.51
59.99
10.99
12.99
57.95
13.18
19.36
20.99
16.5
8.17
3.12
4.99
12.1
10.61
20.42
18.94
29.99
10.11
27.45
9.74
8.98
15.99
22.99
33.81
59.99
12.72
29.99
9.99
21.86
35.75
39.99
107.0
8.15
38.99
10.48
30.64
49.95
7.31
49.99
33.99
16.07
56.75
34.26
14.95
11.57
18.99
6.99
59.99
134.82
54.68
34.99
6.11
112.17
8.2
3.91
19.18
39.99
29.8
23.99
18.99
69.99
34.9
75.0
3.45
9.97
12.99
21.18
4.99
14.95
12.16
109.98
39.99
13.99
12.99
150.0
8.99
2.64
24.99
19.53
52.0
3.61
25.74
60.0
24.99
7.53
119.9
4.44
39.78
16.52
23.9
279.99
44.69
13.86
323.77
10.0
19.85
14.99
142.72
29.99
11.99
23.6
19.96
5.59
5.64
4.98
17.83
7.98
54.05
8.17
37.95
14.98
3.84
9.99
22.35
39.99
25.39
18.82
18.64
44.99
9.99
14.99
53.77
89.4
410.43
25.47
4.49
19.99
25.37
10.49
12.99
19.95
104.9
20.23
14.99
10.48
44.99
15.09
29.49
19.25
9.99
41.98
11.86
159.99
44.96
70.44
23.74
13.94
22.38
6.95
6.95
14.99
10.99
7.47
87.34
119.99
12.99
24.99
11.75
7.95
14.99
39.99
19.56
14.86
6.89
38.0
7.99
37.01
73.06
21.99
62.01
47.81
8.19
5.61
6.53
57.94
6.99
104.51
79.99
7.38
30.12
39.99
15.0
16.99
56.02
17.36
52.03
15.09
41.99
55.49
15.17
169.97
15.28
18.7
6.39
13.6
7.99
79.99
17.27
13.99
31.15
73.95
13.49
14.87
86.18
21.99
69.98
19.99
19.99
31.73
39.95
463.48
7.75
15.91
9.99
18.87
8.66
49.99
34.99
15.97
12.33
6.27
17.95
7.75
22.11
9.8
10.22
28.55
7.2
29.99
9.58
8.85
18.94
27.81
21.18
5.37
29.89
106.38
6.99
44.99
33.78
14.0
94.83
142.05
12.64
130.03
17.69
26.8
13.64
28.99
11.99
4.97
15.95
66.53
17.86
19.62
6.42
39.99
16.98
14.99
10.47
52.58
142.52
11.57
19.99
7.97
21.0
9.15
31.56
39.44
73.11
15.99
12.05
11.16
18.1
21.0
20.32
10.69
15.6
11.84
9.84
24.99
17.99
6.33
29.04
70.7
139.99
12.74
8.15
24.99
39.86
17.0
63.81
14.59
69.47
17.94
22.95
39.99
6.28
33.48
19.92
275.52
36.74
7.99
14.66
8.99
173.83
7.99
37.98
14.98
7.59
8.39
14.99
9.69
24.99
32.58
8.21
2.99
22.58
4.99
7.36
70.99
0.01
395.2
2.45
131.89
79.95
9.03
7.99
7.42
10.99
124.66
19.05
7.5
4.99
54.01
14.99
28.97
15.54
5.5
24.99
8.58
7.39
14.81
13.92
19.99
51.8
7.65
89.99
19.95
10.34
8.99
10.71
9.53
49.95
44.79
56.99
266.38
16.99
22.7
17.99
41.0
12.49
9.6
10.99
10.99
49.99
47.95
7.35
9.43
5.02
13.02
335.0
183.48
30.09
12.97
6.26
24.77
9.99
9.99
7.99
19.68
31.32
13.42
19.99
9.99
99.0
21.86
11.95
32.28
22.99
10.92
150.0
99.99
10.02
13.99
19.19
10.01
51.88
33.05
44.87
21.8
4.99
8.69
23.56
11.99
47.22
41.99
39.92
401.44
27.96
16.99
14.91
26.81
193.99
126.35
8.28
8.86
18.99
16.53
25.95
111.77
15.99
6.06
17.97
6.99
39.15
3.71
64.99
7.94
20.83
11.58
23.99
30.51
11.99
19.99
5.75
34.95
70.0
17.76
55.0
111.0
6.47
14.92
19.99
14.99
13.83
19.99
15.7
23.79
34.11
4.4
3.07
39.99
9.49
26.07
32.34
243.43
92.91
26.24
13.72
3.54
26.31
59.25
12.4
51.36
27.99
33.63
13.95
50.44
20.99
15.99
4.32
5.62
5.21
24.99
15.87
5.99
29.99
16.99
39.95
12.21
29.99
44.99
21.97
6.38
25.45
5.28
9.95
15.99
6.99
312.55
24.99
12.88
313.25
64.94
10.49
25.58
6.78
8.99
9.98
43.45
65.99
53.01
11.69
4.9
67.11
249.99
8.23
53.08
12.99
32.67
15.99
7.4
11.73
3.81
21.01
18.99
49.99
6.15
52.68
19.99
16.99
23.72
231.38
4199.0
14.99
12.21
3.95
24.63
74.95
12.4
18.75
24.99
364.95
21.01
6.8
9.95
16.5
31.87
53.35
4.52
13.99
4.99
22.73
62.99
24.84
26.64
23.99
10.0
10.99
24.99
9.62
14.52
66.38
24.75
78.99
18.48
39.59
35.05
10.16
44.3
24.21
10.45
5.3
67.19
21.77
9.96
17.49
4.86
22.99
20.93
20.99
9.99
19.68
54.05
8.26
12.99
5.87
40.46
19.33
27.99
13.0
18.41
9.85
14.86
4.89
17.24
11.88
11.29
114.28
139.99
24.0
29.99
11.99
15.69
83.0
11.89
249.99
34.91
16.92
10.0
13.24
12.95
9.99
32.0
65.53
229.99
7.39
19.99
24.69
3.5
24.99
14.57
4.99
6.78
22.64
39.99
19.99
12.75
9.99
28.92
100.36
12.99
192.89
14.99
4.23
32.85
5.68
17.94
3.99
4.77
80.96
19.81
4.93
19.99
20.43
31.99
21.72
9.99
14.99
10.99
333.99
9.8
15.02
8.0
40.36
21.19
29.99
10.98
56.83
11.46
16.95
7.94
52.99
23.88
2.18
945.99
19.17
399.99
102.2
4.32
14.99
8.4
16.83
4.33
9.99
6.99
5.4
9.99
8.18
10.56
26.99
29.99
10.45
15.5
9.09
9.97
18.98
203.65
38.75
5.24
39.99
11.99
113.13
10.08
12.1
89.99
11.06
25.98
16.99
11.99
16.99
20.75
9.99
15.91
6.61
39.99
10.39
68.98
18.0
17.91
8.2
395.0
12.29
19.5
5.99
164.95
62.98
12.0
9.42
3.75
9.26
38.16
6.21
64.99
9.89
7.28
8.65
20.98
12.63
22.75
24.99
15.99
4.79
14.99
12.99
9.11
6.52
18.19
62.69
10.24
226.11
20.0
11.99
16.99
58.5
17.89
10.95
56.73
7.04
21.5
39.75
9.98
34.99
6.14
11.95
7.99
8.83
16.99
33.86
12.99
3.39
9.99
25.88
29.97
11.37
13.99
37.99
26.63
19.99
21.53
34.39
69.97
7.41
26.57
15.45
147.39
49.97
143.48
24.99
83.99
5.99
5.99
11.4
9.9
11.29
12.6
10.81
22.99
12.97
16.99
19.09
4.29
56.51
28.62
30.64
9.22
7.52
20.76
10.95
369.99
53.24
14.99
6.99
29.9
19.99
81.06
29.93
14.9
299.99
26.49
14.82
34.99
59.99
3.41
82.7
14.68
413.15
33.39
117.54
6.0
3.25
4.99
7.27
10.99
6.41
35.0
46.99
26.36
30.67
9.95
14.99
9.95
34.99
57.98
5.88
16.99
566.62
12.99
75.79
92.47
19.69
35.99
11.99
8.25
12.99
5.85
59.88
11.99
30.47
19.88
14.54
19.99
10.99
32.99
31.19
7.48
6.98
4.98
47.0
13.53
240.99
10.29
3.99
47.8
40.23
34.06
24.99
19.26
27.99
10.99
11.77
131.62
11.1
15.95
10.99
19.99
6.17
1399.99
17.99
59.99
4.11
3.68
9.99
13.77
13.99
3.95
11.73
77.3
12.99
12.64
79.99
49.99
29.99
12.17
17.11
75.93
100.1
12.0
19.9
11.7
6.67
6.99
6.5
10.02
3.39
15.0
29.99
41.99
4.95
43.99
44.95
40.47
16.99
49.79
91.99
19.05
11.69
12.76
30.21
77.89
24.98
9.31
6.99
37.95
3.58
152.27
